function x0 = Initial_ORd11
x0 = 1e2*[-0.879989146999539, 0.070944539841272, 0.070945359018008, 1.448320027716102, 1.448319784601420, 0.000000851590737, 0.000000840540955, 0.016028979649317, 0.015570572412294, 0.000073463295678, 0.006980036544213, 0.006979869883167, 0.006978935065780, 0.004548302689923, 0.006978307799113, 0.000001883686661, 0.005011493681533, 0.002694910834916, 0.000010012992091, 0.009995539443664, 0.005900573961157, 0.000005101890248, 0.009995539516859, 0.006425686271562, 0.000000000023424, 0.009999999908676, 0.009093809723890, 0.009999999908675, 0.009998130840372, 0.009999751803949, 0.000026423594695, 0.009999999908620, 0.009999999908648, 0.000000080785953, 0.004517981715199, 0.002727141574241, 0.000001929116438, 0.009967605243606, 0.000000002422481, 0.000000003026518, 0.000122276951936];
end